*NODES
1    0.0   0.0  1  0
2    1.0   0.0  0  0
3    2.0   0.0  0  0
4    3.0   0.0  0  0
5    4.0   0.0  0  0
6    5.0   0.0  0  0
7    6.0   0.0  0  0
8    7.0   0.0  0  0
9    8.0   0.0  0  0
10   9.0   0.0  0  0
11  10.0   0.0  0  0
12  11.0   0.0  0  0
13  12.0   0.0  0  0
14  13.0   0.0  0  0
15  14.0   0.0  0  0
16  15.0   0.0  0  0
17  16.0   0.0  0  0
18  17.0   0.0  0  0
19  18.0   0.0  0  0
20  19.0   0.0  0  0
21  20.0   0.0  1  0
*BEAMS
 1   1   2  1  1
 2   2   3  1  1
 3   3   4  1  1
 4   4   5  1  1
 5   5   6  1  1
 6   6   7  1  1
 7   7   8  1  1
 8   8   9  1  1
 9   9  10  1  1
10  10  11  2  2
11  11  12  1  1
12  12  13  1  1
13  13  14  1  1
14  14  15  1  1
15  15  16  1  1
16  16  17  1  1
17  17  18  1  1
18  18  19  1  1
19  19  20  1  1
20  20  21  1  1
*MATERIAL
1 30e9 7850 0.0 0e-4
2 30e9 7850 0.0 0e-4
*SECTION
1 0.3822 0.50
2 0.3822 0.50
*CONC_SPRINGS
*CONC_DAMPING
*SPRINGS
*DAMPERS
*CONC_MASS
*END

